# 10.1103/PhysRevD.98.055021
# mass [GeV] photon coupling [1/GeV]
0.010331340048946739 0.00004260398549199869
0.011157024857480996 0.000040987767608006074
0.012008534215582286 0.000037319260430131656
0.012946788679690673 0.00003461441698215745
0.013989838172584715 0.000032654684536082606
0.015048949283063346 0.000029778650053701015
0.016224758386113817 0.000027620338619902175
0.017438008691988534 0.00002612084489520787
0.018859160531877733 0.00002376167128716219
0.020332622405455674 0.000022077180719844263
0.021921257071141526 0.000020477060113713527
0.02363401542587706 0.000018992913824532728
0.025480595539656592 0.000017616336209539388
0.0274714532150422 0.000016339530854221784
0.029617861190556153 0.000015155266416378579
0.03193193542057716 0.000014068859290573634
0.034426810671562995 0.000013060331392396375
0.03711656946902864 0.000012134470379900005
0.04001657261441802 0.000011254982353518618
0.04314305822648663 0.000010457104486229234
0.04651381544014044 0.000009715789043572304
0.05018622156908359 0.000008997916272815212
0.054065911729104105 0.000008394264564434477
0.058289863342230935 0.000007819216474724828
0.06284418475326115 0.000007252491512702938
0.06775394743134586 0.000006755660449302183
0.07304729006435803 0.000006292864738459589
0.07875436542335414 0.000005851757820994396
0.08490652728668208 0.000005478918467635487
0.0915397165146141 0.000005112320328435773
0.09869111324366076 0.000004770251518602543
0.10640095138501543 0.000004458688534351608
0.11471295409337774 0.000004171039575920407
0.12367443278896245 0.000003898613366812837
0.13333457910895358 0.00000367212865723323
0.1437494435249825 0.0000034558452895544363
0.15497745636575624 0.0000032578668563623237
0.16708148690956295 0.000003084387698514982
0.18012938226100905 0.0000029376754990151636
0.19287393951830722 0.0000028032629147132486
0.20936577913019583 0.000002626401563049672
0.2257094118750579 0.0000025533339827743347
0.24332887074780318 0.0000024822991728728826
0.2623188145555058 0.000002446480238191608
0.2827834614570319 0.0000024569612291459313
0.30482994871661734 0.000002555517996186966
0.32188470724933943 0.000002951774682342088
0.33296634307586254 0.0000036726519678978773
0.3306462792211911 0.000004133408582903734
0.323501870302596 0.000004839403147679055
0.31395968551727094 0.0000062188750005379335
0.29922694163803726 0.000007482390087234869
0.2851701705297742 0.000009362409189117551
0.26993813325325516 0.000011275208635569814
0.25377023481398026 0.000013984909432983033
0.23776521641474527 0.00001693694003760447
0.2219985583064872 0.00002130858118064748
0.2072886563474652 0.000025772243087556723
0.19223569081253808 0.00003121242492847577
0.1782641079078302 0.00003965487867945192
0.1653233292107804 0.00004709031517421648
0.1543685365710024 0.00005702504430508669
0.14413892391210772 0.00006930546054243942
0.13367288968465985 0.00008343408696057839
0.12396549000866926 0.00010121886101864166
0.1149681843045732 0.00011886918366781809
0.10661875462404985 0.0001445776506594216
0.09887836671890157 0.00017242201903176478
0.09170337193110882 0.00020007927486416008
0.08504252195877966 0.00024544103323261067
0.07886779955572189 0.0002947197768142927
0.07314321431587559 0.0003475951476309492
0.06783239077626363 0.0004177410293286676
0.0639881987090406 0.0005153066737312811
0.060364632695678606 0.0006148129252901682
0.05594451341376017 0.0006893795232235979
0.051926971180710414 0.0007711561560788844
0.0481571381799835 0.0009196739662973019
0.044892995788876296 0.0010506709217034445
0.04156434149102096 0.0012195680906280674
0.03916551443383152 0.00146827319801513
0.036117163602174054 0.0017108461412981223
0.033496783376839624 0.0019672502304908654
0.03170596679054945 0.0024590857464536144
0.029073836469459494 0.0027557607941046678
0.027649863757793935 0.0030364456478243033
0.025944685548015618 0.0036031489068965566
0.024512651085216993 0.0041323702297983815
0.02251346502688915 0.004752654933958456
0.020950378808909573 0.005679292749983805
0.019362816330134806 0.00686419141510322
0.018081436433703524 0.007777062788282081
0.016768727100882154 0.00928278916139204
0.015551082522151509 0.011203881459659672
0.014422839650049774 0.012868326292470046
0.01351344685993251 0.015384421404936288
0.01266159807141009 0.01817752054893126
0.011613127734200965 0.021214604974172626
0.010814294039698155 0.025380951823366967
0.010169264829104897 0.029229262338053577
