# 10.1103/PhysRevD.98.055021
# mass [GeV] photon coupling [1/GeV]
0.010227058351285435 0.00020743894810235512
0.011064041665051334 0.00018985756986582348
0.011901636845622598 0.00017330880826406473
0.01283153917176264 0.00016074764844722163
0.013834048107558072 0.00014947982327644105
0.014914899103511724 0.0001388830369952692
0.01608021564803672 0.0001289271895096695
0.017306673214503434 0.0001213594915286967
0.018691038599715583 0.00011139074072518413
0.020151388841674327 0.00010340568185866703
0.02171377081456064 0.00009812501511477926
0.023423079664360958 0.00008972336858099386
0.025253060098911994 0.00008350545293393787
0.02722591579768343 0.00007791804661653349
0.029352863236129366 0.0000727666857720257
0.031646121261541746 0.00006772388453526806
0.034118304472416164 0.0000633547287403753
0.036783527206769806 0.000059368878838730744
0.03965690275796688 0.000055681378365213304
0.04275433220426221 0.00005258134048283851
0.046093688490717794 0.000049653895936948925
0.049694218093407946 0.00004664951106348505
0.053574862904314326 0.00004450661774338511
0.057758888685658004 0.00004228102386839907
0.06227018609312657 0.00003992704522157157
0.06713084167485904 0.00003894923587802866
0.07237031221040546 0.000038223454990222984
0.07801899149764077 0.00003741510629556779
0.08410352000325462 0.000038256149709730555
0.09065659738835755 0.00004103451986421404
0.0954002301758697 0.00004816943266285901
0.09568591811166506 0.00006559629524994522
0.09088118824462145 0.00008130964844587377
0.08690476635008718 0.00010465087368829247
0.08282880054720261 0.0001236223158297594
0.07839730808242212 0.00015928830841388777
0.07320671727757595 0.00018494424605378462
0.06859123047843195 0.00022025663247983004
0.06448032224980568 0.00028147015798204067
0.060001936034217045 0.00034287246750169283
0.05564423486641844 0.0004177410293286676
0.051604411818163144 0.0004990468653754797
0.04785642049741663 0.0006095787323896522
0.0443836700847221 0.0007085684672857743
0.041443483630229386 0.0008460766957244047
0.03869688099782586 0.0010330781523827277
0.03588926622308524 0.0011895992759595128
0.03352263334975596 0.0014793841292292133
0.03129070058999286 0.0017403528947300725
0.029020263444786733 0.002012618337368984
0.02700503386394797 0.0024299647373252032
0.025130360820083575 0.0028821401629476016
0.023306174786412885 0.003410867084010558
0.021444340055494025 0.004321646388884381
0.019772025961274545 0.005041470658729504
0.018336536980396473 0.006027854512910529
0.017005927300353704 0.007006720225443286
0.015770873210291678 0.00852939010649837
0.014625858793935636 0.010206922426868359
0.01356467780379247 0.011763421167987868
0.012665734562297469 0.014334768419626734
0.011827177889161346 0.01661675536871923
0.010969300614661818 0.018842130677823258
0.010173701252133106 0.021285830789409342
