0.022958300101589727 0.000013879952699037792
0.026656129107137858 0.000012137100057390603
0.028499998938707544 0.000011580663239085059
0.02992285921321454 0.00001101403145570855
0.03356220462628484 0.000009866320295222618
0.03522324950818414 0.000009598589847865433
0.03911367403490213 0.00000857058983402344
0.04281067291775127 0.00000809864476813366
0.044293999395401455 0.000007714859832459899
0.049211683509192646 0.0000070807472527189545
0.0531397313977913 0.000006701677755486315
0.0557869699482655 0.0000063531747393154905
0.06217286836314531 0.000005672755654484064
0.06899536708898434 0.000005338739005057427
0.07531520770893158 0.000004920929802819599
0.08266522412341719 0.000004568705832311052
0.08872156612816927 0.000004285224904701471
0.09284381713703309 0.000004104233032982555
0.10172429710550981 0.0000039654939531622
0.11549459245186508 0.0000034839544283719693
0.12706514384836912 0.0000032898891608158034
0.1404456912000591 0.0000031424494994286553
0.1583096896415324 0.000002859374487368097
0.1792766716573618 0.0000027055673642145214
0.19380635248439138 0.0000025738804219733493
0.2211802276013018 0.0000024255970422936263
0.24719926096135886 0.0000023626423618165604
0.2686858539427555 0.0000023262839315461684
0.2901621504341616 0.0000024453031428175374
0.3039574673457551 0.0000025053872385892946
0.3405040543625582 0.0000029534338251937196
0.3559572210379465 0.0000037345195927118007
0.34940489517679796 0.0000043786922716411935
0.33148762624224243 0.000006373770489744434
0.3084612647377581 0.000008450085845406855
0.29196471508152877 0.00001070649039475609
0.2685472243064357 0.000013758868907710527
0.2356513599131042 0.000020503380860631447
0.21576841472249497 0.000025828137276826886
0.20103955712439062 0.000031918619834425846
0.18292160570824997 0.00004052365671882376
0.17229214034816046 0.00004815873413790414
0.16177861892943032 0.00005570933733484955
0.15174993479478216 0.00006602722987402087
0.13567238038291266 0.00008919256701754842
0.12537153684325741 0.0001041833828668963
0.11875854942971276 0.00011935332510834448
0.10991191912621429 0.0001443493180222335
0.1016718120114653 0.00017317328624407612
0.09371031521565933 0.00021228429456444833
0.08637225012600296 0.00025708915327793267
0.07860855026504582 0.0003104072623525829
0.07457755197310241 0.00036604179456611635
0.07031643635186428 0.00040829153237263667
0.06340419521332946 0.0005045699604171541
0.058893428656958444 0.0006397351883482903
0.05575818641819937 0.0007301236503721937
0.05262663922132477 0.0007873978631021557
0.04856828926254285 0.0009606857191321671
0.04535812122065517 0.0011060745535750281
0.04195761852401153 0.0012986130375788301
0.03905316265544371 0.001587615662019321
0.03644368299038488 0.001841491229729453
0.03393843206995827 0.002084739427730034
0.032297946784811 0.002450940752639791
0.029554560156178293 0.0030074952220028963