0.02299838162736135 0.000021838698964695665
0.025446322511891356 0.000020199138649498577
0.027156006603182792 0.00001894034008989632
0.028980560719038644 0.000017712152587300755
0.03092770273120529 0.000016791725946890582
0.03300566905875704 0.000015946755714713568
0.03522324950818414 0.00001498468475865126
0.03758982445431197 0.00001405626283309899
0.040115404519326964 0.00001333352150402362
0.04281067291775127 0.00001269921534959089
0.04568703064648618 0.000011944569365201316
0.04875664471107805 0.000011202348709199456
0.052032499592203754 0.000010636590099622962
0.055528452170080046 0.000010203053352576592
0.059259290339126254 0.000009600439217862345
0.06324079556082099 0.000008998677533080732
0.06748980961935233 0.00000852941045154903
0.07202430586243712 0.000008134609535917373
0.07686346522865878 0.000007774540957635885
0.08202775738292031 0.0000073040940622856245
0.08753902730321458 0.000006923196881423067
0.09342058768497473 0.000006612926913646844
0.09969731755387652 0.000006321431484286065
0.10639576750422358 0.000006045113831466538
0.11354427200807506 0.000005728766750406935
0.1211730692701846 0.000005482578513425697
0.12931442913573596 0.000005284504736732033
0.13820731578384277 0.000005076462367931248
0.147603617843241 0.000004891364200536877
0.1571699887595384 0.00000475046305443332
0.16772990480575942 0.0000046027184506916556
0.1789993190696958 0.000004496665625096423
0.19102590122208526 0.000004432160736725576
0.20386052375708552 0.00000441426576079198
0.2175574771831436 0.000004457850903184175
0.23217469967207896 0.000004609817719977151
0.2477740221377995 0.000004995434464188546
0.25995622920933553 0.000005828625478632947
0.2619764410911787 0.000006888605545084394
0.25915251324485955 0.000008258565951784114
0.25320332064833484 0.000009724537650579682
0.24687573708337243 0.000011103511945359223
0.23910602956196478 0.0000129487350728747
0.2303843017073334 0.000014978912198329804
0.22026892333279963 0.000017681468589584008
0.2099465638970363 0.000020797876502268336
0.1991806327405034 0.000024631839091806784
0.18809109666601387 0.00002935630641264314
0.17789419290961273 0.000034699364393921485
0.16825008962096533 0.0000406966000955409
0.15814637063753706 0.00004822372323629899
0.1484194278430725 0.000057853135312135184
0.1397227356830735 0.00006778417778671118
0.13133213535639357 0.00007918116794153182
0.12306374502289574 0.00009391861069750155
0.11621207565566784 0.00010894106774507053
0.10974187828987363 0.00012517006941747426
0.10283276436151541 0.00014863882264241126
0.09680723988260834 0.00017224165800469585
0.09113478327532115 0.00019867174602094555
0.08539713225004678 0.00023487863294000197
0.08026888163104907 0.0002685217616818079
0.07544859163928001 0.0003120711760955552
0.07069850968794843 0.00036979843968118573
0.06645293765857574 0.00042284128137479095
0.06246231982747619 0.0004887831077038897
0.05898468176853129 0.0005636160714091629
0.05570066390336765 0.0006373977843830027
0.052193869243110175 0.0007506622799445698
0.049059533988500735 0.0008602665270818254
0.04611342117516177 0.0009792786597015413
0.04361349360848666 0.0011375393970148064
0.04124909356675669 0.001258709643431478
0.03907332270643675 0.0014611153767597014
0.037012317491305013 0.001618186211938888
0.03468210114832861 0.0019108820942608964
0.03264989039578567 0.0021571924272723313
0.03073675779612305 0.0024775259681888667
0.028607235284930543 0.002998539192158682