# NA64 5e12 EOT, 10.1103/PhysRevD.102.055018 (2004.04469)
# mass [GeV] photon coupling [1/GeV]
0.018638609725307183 0.009746031085585333
0.027520062656390114 0.00412591531920898
0.04618405755265617 0.0012315227485757755
0.06070696342961789 0.0006394131708545511
0.0739904235360474 0.00037307908475838993
0.08458652600879675 0.00026303565431062267
0.09784266116502825 0.00016509083624259658
0.10251017076077702 0.00014066778452676752
0.10432091044289936 0.00012891153524111223
0.10931945963701628 0.00009361862932351005
0.10501223661805727 0.00006802540856467928
0.10025831451081403 0.0000642039137667787
0.08980998949791542 0.000057199188467750906
0.07040087073590684 0.000052505179630381234
0.033121619458313115 0.00005352754575536852
0.010028216431253421 0.00005315473086920205