# 10.1103/PhysRevLett.123.071801
# mass [GeV] photon coupling [1/GeV]
0.03 1
0.03 0.000547339
0.035 0.000524345
0.04 0.000509761
0.045 0.000520248
0.05 0.000503109
0.055 0.000511903
0.06 0.000529575
0.065 0.000549448
0.07 0.000560739
0.075 0.000591974
0.08 0.000609343
0.085 0.00062889
0.09 0.00064118
0.095 0.000669112
0.1 0.000689903
0.105 0.000703415
0.11 0.000682755
0.154 0.000588562
0.159 0.000559819
0.164 0.000539862
0.169 0.000553389
0.174 0.000562771
0.179 0.000571643
0.184 0.000580629
0.189 0.000589744
0.194 0.000599002
0.199 0.000608422
0.204 0.000620788
0.209 0.000633861
0.214 0.000647366
0.219 0.000661328
0.224 0.000675769
0.229 0.000690721
0.234 0.00070621
0.239 0.000722272
0.244 0.00073894
0.249 0.000756256
0.254 0.000774261
0.259 0.000793004
0.264 0.000812536
0.269 0.000832917
0.274 0.00085421
0.279 0.000876488
0.284 0.00089983
0.289 0.000924329
0.294 0.000950083
0.299 0.00097721
0.304 0.00100605
0.309 0.00103661
0.314 0.00106902
0.319 0.0011035
0.324 0.00114029
0.329 0.00117965
0.334 0.00122192
0.339 0.00126748
0.344 0.0013168
0.349 0.00137045
0.354 0.00142913
0.359 0.00149371
0.364 0.00156528
0.369 0.00164526
0.374 0.0017355
0.379 0.00183849
0.384 0.00195766
0.389 0.00209793
0.394 0.00226658
0.399 0.00247509
0.404 0.00254957
0.409 0.00260812
0.414 0.00266902
0.419 0.00273243
0.424 0.00279851
0.429 0.00286745
0.434 0.00293945
0.439 0.00301474
0.444 0.00309357
0.449 0.00317621
0.454 0.00326298
0.459 0.00335423
0.464 0.00345034
0.469 0.00355176
0.474 0.00365898
0.479 0.00377259
0.484 0.00389323
0.489 0.00402166
0.494 0.00415876
0.499 0.00430557
0.504 0.00446326
0.509 0.00463331
0.514 0.00481739
0.519 0.0050176
0.524 0.00523647
0.529 0.00547717
0.534 0.00574363
0.539 0.00604097
0.544 0.0063758
0.549 0.00675696
0.554 0.0071966
0.559 0.0077119
0.564 0.00832819
0.569 0.00908471
0.574 0.0100463
0.579 0.0113302
0.584 0.0131766
0.589 0.0161902
0.594 0.0226237
0.599 0.0438146
0.6 1
