# 10.1103/PhysRevLett.123.071801
# mass [GeV] photon coupling [1/GeV]
0.05 1
0.0505 0.000111926
0.0615 9.3404e-05
0.0725 8.03329e-05
0.0835 7.48755e-05
0.0945 6.77161e-05
0.1055 6.12412e-05
0.1165 5.76574e-05
0.1495 4.48471e-05
0.1605 3.97518e-05
0.1715 3.55913e-05
0.1825 3.35085e-05
0.1935 3.35085e-05
0.2045 3.3847e-05
0.2155 3.31734e-05
0.2265 3.35085e-05
0.2375 3.35085e-05
0.2485 3.45342e-05
0.2595 3.59508e-05
0.2705 3.66808e-05
0.2815 3.78036e-05
0.2925 3.89608e-05
0.3035 4.05589e-05
0.3145 4.22227e-05
0.3255 4.308e-05
0.3365 4.39547e-05
0.3475 4.57577e-05
0.3585 4.71584e-05
0.3695 4.86019e-05
0.3805 5.00896e-05
0.3915 5.16228e-05
0.4025 5.3203e-05
0.4135 5.53854e-05
0.4245 5.70808e-05
0.4355 5.82398e-05
0.4465 6.18598e-05
0.4575 6.70389e-05
0.4685 8.36282e-05
0.4795 0.00012501
0.6305 0.000852359
0.6415 0.000852359
0.6525 0.000961613
0.6635 0.00109583
0.6745 0.00124878
0.6855 0.00140884
0.6965 0.00163808
0.7075 0.00184805
0.7185 0.00204343
0.7295 0.00223689
0.7405 0.00237593
0.7515 0.00247339
0.7625 0.00249837
0.7735 0.00247339
0.7845 0.00242417
0.7955 0.00232864
0.8065 0.00217045
0.8175 0.00196292
0.8285 0.0017399
0.8395 0.0015578
0.8505 0.00146664
0.8615 0.0016217
0.8725 0.00200277
0.8835 0.00273489
0.8945 0.00377237
0.9055 0.01
0.9165 0.01
0.9275 0.01
0.9385 0.01
0.9495 0.01
0.9605 0.01
0.9715 0.01
0.9825 0.01
0.9935 0.01
