# PrimEx
# 10.1103/PhysRevLett.123.071801 which used 10.1103/PhysRevLett.106.162303 (arxiv:1009.1681)
# mass [GeV] g_agamma [1/GeV]
0.11 0.733431
0.11 0.00309539
0.111 0.00282847
0.112 0.00202447
0.113 0.00127443
0.114 0.00103048
0.115 0.000936774
0.116 0.000904767
0.117 0.00100488
0.118 0.00114068
0.119 0.00134414
0.12 0.00151536
0.121 0.00182377
0.122 0.00192641
0.123 0.00177643
0.124 0.00187639
0.125 0.00190669
0.125 0.733431
0.145 0.733431
0.145 0.00105029
0.146 0.00108936
0.147 0.00116964
0.148 0.00138277
0.149 0.00162464
0.15 0.00173686
0.151 0.00176733
0.152 0.00176502
0.153 0.00177898
0.154 0.00162421
0.155 0.00131469
0.156 0.00110612
0.157 0.000913935
0.158 0.000833265
0.159 0.000753967
0.16 0.0007484
0.16 0.733431